   11
S_pombe     0.000000  1.639512  1.525293  1.545817  1.393751  1.420841
  1.388783  1.358095  1.389496  1.476736  1.188966
K_lacti     1.639512  0.000000  0.861293  0.937118  0.807367  0.812060
  0.781785  0.741725  0.758559  1.073365  1.089369
N_caste     1.525293  0.861293  0.000000  0.740682  0.631733  0.632774
  0.663900  0.629228  0.612699  1.075134  1.006406
E_gossy     1.545817  0.937118  0.740682  0.000000  0.547415  0.558648
  0.531610  0.545625  0.539733  1.045534  1.078208
S_bayan     1.393751  0.807367  0.631733  0.547415  0.000000  0.154931
  0.144102  0.137778  0.106487  0.978868  1.008026
S_kudri     1.420841  0.812060  0.632774  0.558648  0.154931  0.000000
  0.130035  0.114397  0.087228  1.013823  1.021643
S_mikat     1.388783  0.781785  0.663900  0.531610  0.144102  0.130035
  0.000000  0.072785  0.069619  0.989108  0.999411
S_cerev     1.358095  0.741725  0.629228  0.545625  0.137778  0.114397
  0.072785  0.000000  0.047149  1.002746  1.003095
S_parad     1.389496  0.758559  0.612699  0.539733  0.106487  0.087228
  0.069619  0.047149  0.000000  1.006152  0.991114
Y_lipol     1.476736  1.073365  1.075134  1.045534  0.978868  1.013823
  0.989108  1.002746  1.006152  0.000000  0.821775
A_nidul     1.188966  1.089369  1.006406  1.078208  1.008026  1.021643
  0.999411  1.003095  0.991114  0.821775  0.000000
